0
0
0
0
0
0
0
0
0
0
0
0
0
0
0
0
0
0
0
8
0
0
0
0
0
0
0
0
0
0
0
0
0
0
0
0
0
0
0
8
0
0
0
0
6
2
2
2
4
0
0
0
0
0
0
0
0
0
0
8
0
0
0
0
3
0
0
0
3
0
0
0
0
0
0
0
0
0
0
8
0
0
0
0
3
0
0
0
3
0
0
0
0
0
0
0
0
0
0
8
0
0
0
0
3
0
0
0
3
0
0
0
0
0
0
0
0
0
0
8
0
0
0
0
3
0
0
0
3
0
0
0
0
0
0
0
0
0
0
8
0
0
0
0
3
0
0
0
3
0
0
0
0
0
0
0
0
0
0
8
0
0
0
0
3
0
0
0
3
0
0
0
0
0
0
6
2
2
2
9
0
0
0
0
3
0
0
0
3
0
0
0
0
0
0
3
0
0
0
8
2
2
2
2
5
0
0
0
3
0
0
0
0
0
0
3
0
0
0
8
0
0
0
0
0
0
0
0
3
0
0
0
0
0
0
3
0
0
0
8
0
0
0
0
0
0
0
0
3
0
0
0
0
0
0
3
0
0
0
8
0
0
0
0
0
0
0
0
7
2
2
2
4
0
0
3
0
0
0
8
0
0
0
0
0
0
0
0
0
0
0
0
3
0
0
3
0
0
0
8
0
0
0
0
0
0
0
0
0
0
0
0
3
0
0
3
0
0
0
8
0
0
0
0
0
0
0
0
0
0
0
0
3
0
0
3
0
0
0
8
0
0
0
0
0
0
0
0
0
0
0
0
7
2
2
5
0
0
0
8
0
0
0
0
0
0
0
0
0
0
0
0
0
0
0
0
0
0
0
8
0
0
0
0
0
0
0
0
0
0
0
0
0
0
0
0
0
0
0
8
